erp.giihgtidg.com:8080
20240504.shunyue1809.com:6321
2409:8087:5e00:24::2d:6610
zby.130519.xyz:443
live.hyxrmt.com:85
streamsy.online:2999
89.187.177.137:8081
live-hls-web-aje.getaj.net:80
36.129.204.117:9003
iptv.vip-tptv.xyz:443
dminnvll.cdn.mangomolo.com:80
220.134.196.147:8561
hls.weathertv.cn:80
liveout.gstv.com.cn:443
litv.zapi.us.kg:80
smart.pendy.dpdns.org:443
222.241.154.37:9901
l.cztvcloud.com:80
idclive.hljtv.com:4430
58.19.38.162:9901
itv.iptv1688.top:2016
112.30.194.221:20080
stream.hrbtv.net:80
www.tszhgjj.cn:7000
zhibo.hkstv.tv:80
2409:8087:1a01:df::7005:80
2409:8087:1:20:20::26:80
live.wanyuannews.com:80
39.134.182.166:80
43.152.143.193:80
n24-cdn-live.ntv.co.jp:443
live4play.uk:80
148.113.160.49:14187
2409:8087:1:20:20::2a:80
bp-livetytv.bestv.cn:80
wouu.net:9977
live.zhgbtv.cn:3100
119.32.12.17:2901
lmt.scqstv.com:80
iptv.huuc.edu.cn:80
d18dyiwu97wm6q.cloudfront.net:443
tv-trtworld.live.trt.com.tr:443
rrs01.hw.gmcc.net:8088
61.173.144.157:9901
tmpstream.hyrtv.cn:80
122.228.73.138:2380
hdl-vip-ws.qf.56.com:443
125.42.150.230:9901
111.22.153.159:35455
122.117.71.103:8559
2409:8087:1:20:20::2c:80
nas.hssvm.com:8888
119.6.59.216:60033
m3u8file.lstv.org.cn:80
api.kkitv.itv888.vip:8080
125.42.148.47:9901
183.237.95.108:9901
vip.lqcc.xyz:15511
58.48.37.158:1111
vip.lqcc.xyz:35455
124.116.183.146:9901
nhkwlive-ojp.akamaized.net:443
livetv.skycf.eu.org:80
143.244.60.30:80
d12a2vxqkkh1bo.cloudfront.net:443
2409:8087:4c0a:22:1::11:6410
ottrrs.hl.chinamobile.com:80
live.pzhkai.com:80
iot-mqqt.111yao.cn:8080
tv.greatstar.me:80
218.92.37.174:9901
e2.woc.iiiya.cn:28888
tw-ty-line-11-1-5.sudatech.store:20319
qjrhc.jydjd.top:2911
175.8.28.207:9999
gdfire2.67890123.cn:8088
148.113.160.49:14176
grandprix2023.asuscomm.com:8892
www.lizhinas.top:1009
live.tvfix.org:443
218.13.14.6:60050
smjdenny.eu.org:35455
tv.drs.ganzitv.com:8100
39.134.65.175:80
live.nbs.cn:80
v.hystudio.cn:8088
scdytv.cn:1935
39.107.120.164:8080
sansat.net:88
live.dameijunlian.cn:80
1.94.31.214:35455
edgeone.passwdword.xyz:443
49.234.31.101:7040
183.223.157.33:9901
123.129.70.178:9901
r.jdshipin.com:80
stream.appwuhan.com:80
tpc.x3322.net:9901
live.ottiptv.cc:443
153.0.171.163:9901
cdn2.163189.xyz:80
ali-m-l.cztv.com:443
cdn.163189.xyz:80
125.42.150.40:9901
101.74.28.60:9901
101.74.28.30:9901
genglei.8866.org:9901
198.16.100.186:8278
